[
	('6069888F-3F3D-11D8-2720-2C2038034348', 'צוות_חילוץ_1', 1, 1625382908, 32.09766, 34.78597, 0, 8, 'צוות_חילוץ_1'), 
	('60698A86-3F3D-11D8-2720-2C20485F6D7A', 'צוות_חילוץ_10', 1, 1625382908, 32.07495, 34.78915, 0, 8, 'צוות_חילוץ_7'), 
	('60698A9E-3F3D-11D8-2720-2C20485F707A', 'צוות_חילוץ_11', 1, 1625382908, 32.07495, 34.78915, 0, 8, 'צוות_חילוץ_7'), 
	('60698ACA-3F3D-11D8-2720-2C20485F737A', 'צוות_חילוץ_12', 1, 1625382908, 32.07495, 34.78915, 0, 8, 'צוות_חילוץ_7'), 
	('60698ADE-3F3D-11D8-2720-2C20485F767A', 'צוות_חילוץ_13', 1, 1625382908, 32.07495, 34.78915, 0, 8, 'צוות_חילוץ_7'), 
	('60698AF5-3F3D-11D8-2720-2C20485F797A', 'צוות_חילוץ_14', 1, 1625382908, 32.07495, 34.78915, 0, 8, 'צוות_חילוץ_7'), 
	('606989CD-3F3D-11D8-2720-2C20485F557A', 'צוות_חילוץ_2', 1, 1625382908, 32.09766, 34.78597, 0, 8, 'צוות_חילוץ_1'), 
	('606989E3-3F3D-11D8-2720-2C20485F587A', 'צוות_חילוץ_3', 1, 1625382908, 32.09766, 34.78597, 0, 8, 'צוות_חילוץ_1'), 
	('606989FC-3F3D-11D8-2720-2C20485F5B7A', 'צוות_חילוץ_4', 1, 1625382908, 32.09766, 34.78597, 0, 8, 'צוות_חילוץ_1'), 
	('60698A12-3F3D-11D8-2720-2C20485F5E7A', 'צוות_חילוץ_5', 1, 1625382908, 32.09766, 34.78597, 0, 8, 'צוות_חילוץ_1'), 
	('60698A2A-3F3D-11D8-2720-2C20485F617A', 'צוות_חילוץ_6', 1, 1625382908, 32.09766, 34.78597, 0, 8, 'צוות_חילוץ_1'), 
	('60698A3E-3F3D-11D8-2720-2C20485F647A', 'צוות_חילוץ_7', 1, 1625382908, 32.07495, 34.78915, 0, 8, 'צוות_חילוץ_7'), 
	('60698A52-3F3D-11D8-2720-2C20485F677A', 'צוות_חילוץ_8', 1, 1625382908, 32.07495, 34.78915, 0, 8, 'צוות_חילוץ_7'), 
	('60698A68-3F3D-11D8-2720-2C20485F6A7A', 'צוות_חילוץ_9', 1, 1625382908, 32.07495, 34.78915, 0, 8, 'צוות_חילוץ_7'), 
	('60698E87-3F3D-11D8-2720-2C20485F8E7A', 'צוות_צמה_1', 8, 1625382908, 32.09766, 34.78597, 0, 8, 'צוות_חילוץ_1'), 
	('60698B60-3F3D-11D8-2720-2C20485F7C7A', 'צוות_רפואה_1', 4, 1625382908, 32.10315, 34.78111, 0, 8, 'צוות_חילוץ_1'), 
	('60698B81-3F3D-11D8-2720-2C20485F7F7A', 'צוות_רפואה_2', 4, 1625382908, 32.10315, 34.78111, 0, 8, 'צוות_חילוץ_1'), 
	('60698BBD-3F3D-11D8-2720-2C20485F827A', 'צוות_רפואה_3', 4, 1625382908, 32.10315, 34.78111, 0, 8, 'צוות_חילוץ_1'), 
	('60698BD9-3F3D-11D8-2720-2C20485F857A', 'צוות_רפואה_4', 4, 1625382908, 32.10315, 34.78111, 0, 8, 'צוות_חילוץ_1'), 
	('60698C0D-3F3D-11D8-2720-2C20485F887A', 'צוות_רפואה_5', 4, 1625382908, 32.10315, 34.78111, 0, 8, 'צוות_חילוץ_1'), 
	('60698C36-3F3D-11D8-2720-2C20485F8B7A', 'צוות_רפואה_6', 4, 1625382908, 32.10315, 34.78111, 0, 8, 'צוות_חילוץ_1')
]
[
	('1C7F5CCC-B757-4888-B7A8-323179E1FE14', "אירוע מס' 2", 2, 2, 2, 1, 1625382909, 1625382908, 32.08047, 34.78064), 
	('6741E9F2-29ED-4CB5-B05B-169F771935C4', "אירוע מס' 3", 2, 3, 3, 1, 1625382909, 1625382908, 32.07798, 34.77417), 
	('EEAD566B-1547-4868-97AD-F2D928E514E2', "אירוע מס' 1", 2, 1, 1, 1, 1625382909, 1625382908, 32.08681, 34.7897)
]
[]
[
	(2, 1, 1, 2, [(4, 1, 1), (1, 1, 1)]), 
	(2, 2, 1, 2, [(4, 1, 1), (1, 1, 1)]), 
	(2, 3, 1, 3, [(4, 1, 1), (1, 2, 1)]), 
	(2, 4, 1, 14, [(4, 2, 2), (1, 4, 2), (8, 1, 2)]), 
	(2, 5, 1, 21, [(4, 2, 3), (1, 4, 3), (8, 1, 3)]), 
	(2, 6, 1, 30, [(4, 2, 6), (1, 3, 6)]), 
	(2, 1, 2, 12, [(4, 1, 3), (1, 2, 3), (8, 1, 3)]), 
	(2, 2, 2, 12, [(4, 1, 3), (1, 2, 3), (8, 1, 3)]), 
	(2, 3, 2, 12, [(4, 1, 3), (1, 2, 3), (8, 1, 3)]), 
	(2, 4, 2, 100, [(4, 3, 10), (1, 5, 10), (8, 2, 10)]), 
	(2, 5, 2, 234, [(4, 4, 18), (1, 6, 18), (8, 3, 18)]), 
	(2, 6, 2, 432, [(4, 6, 24), (1, 8, 24), (8, 4, 24)]), 
	(2, 1, 3, 6, [(4, 1, 2), (1, 2, 2)]), 
	(2, 2, 3, 6, [(4, 1, 2), (1, 2, 2)]), 
	(2, 3, 3, 6, [(4, 1, 2), (1, 2, 2)]), 
	(2, 4, 3, 24, [(4, 1, 6), (1, 3, 6)]), 
	(2, 5, 3, 80, [(4, 2, 10), (1, 5, 10), (8, 1, 10)]), 
	(2, 6, 3, 120, [(4, 3, 12), (1, 6, 12), (8, 1, 12)]), 
	(2, 1, 4, 2, [(4, 1, 1), (1, 1, 1)]), 
	(2, 2, 4, 2, [(4, 1, 1), (1, 1, 1)]), 
	(2, 3, 4, 3, [(4, 2, 1), (1, 1, 1)]), 
	(2, 4, 4, 4, [(4, 3, 1), (1, 1, 1)]), 
	(2, 5, 4, 14, [(4, 2, 2), (1, 4, 2), (8, 1, 2)]), 
	(2, 6, 4, 21, [(4, 2, 3), (1, 4, 3), (8, 1, 3)]), 
	(2, 1, 5, 2, [(4, 1, 1), (1, 1, 1)]), 
	(2, 2, 5, 2, [(4, 1, 1), (1, 1, 1)]), 
	(2, 3, 5, 3, [(4, 1, 1), (1, 2, 1)]), 
	(2, 4, 5, 4, [(4, 3, 1), (1, 1, 1)]), 
	(2, 5, 5, 8, [(4, 1, 2), (1, 3, 2)]), 
	(2, 6, 5, 12, [(4, 1, 3), (1, 3, 3)])
]
[
	(1, 960, 120, 360, 480), 
	(4, 960, 120, 360, 480), 
	(8, 480, 60, 420, 480)
]
10
