[
	('öååú_çéìåõ_1', 1, 1625382908, 32.09766, 34.78597, 0, 8, 'öååú_çéìåõ_1'), 
	('öååú_çéìåõ_10', 1, 1625382908, 32.07495, 34.78915, 0, 8, 'öååú_çéìåõ_7'), 
	('öååú_çéìåõ_11', 1, 1625382908, 32.07495, 34.78915, 0, 8, 'öååú_çéìåõ_7'), 
	('öååú_çéìåõ_12', 1, 1625382908, 32.07495, 34.78915, 0, 8, 'öååú_çéìåõ_7'), 
	('öååú_çéìåõ_13', 1, 1625382908, 32.07495, 34.78915, 0, 8, 'öååú_çéìåõ_7'), 
	('öååú_çéìåõ_14', 1, 1625382908, 32.07495, 34.78915, 0, 8, 'öååú_çéìåõ_7'), 
	('öååú_çéìåõ_2', 1, 1625382908, 32.09766, 34.78597, 0, 8, 'öååú_çéìåõ_1'), 
	('öååú_çéìåõ_3', 1, 1625382908, 32.09766, 34.78597, 0, 8, 'öååú_çéìåõ_1'), 
	('öååú_çéìåõ_4', 1, 1625382908, 32.09766, 34.78597, 0, 8, 'öååú_çéìåõ_1'), 
	('öååú_çéìåõ_5', 1, 1625382908, 32.09766, 34.78597, 0, 8, 'öååú_çéìåõ_1'), 
	('öååú_çéìåõ_6', 1, 1625382908, 32.09766, 34.78597, 0, 8, 'öååú_çéìåõ_1'), 
	('öååú_çéìåõ_7', 1, 1625382908, 32.07495, 34.78915, 0, 8, 'öååú_çéìåõ_7'), 
	('öååú_çéìåõ_8', 1, 1625382908, 32.07495, 34.78915, 0, 8, 'öååú_çéìåõ_7'), 
	('öååú_çéìåõ_9', 1, 1625382908, 32.07495, 34.78915, 0, 8, 'öååú_çéìåõ_7'), 
	('öååú_öîä_1', 8, 1625382908, 32.09766, 34.78597, 0, 8, 'öååú_çéìåõ_1'), 
	('öååú_øôåàä_1', 4, 1625382908, 32.10315, 34.78111, 0, 8, 'öååú_çéìåõ_1'), 
	('öååú_øôåàä_2', 4, 1625382908, 32.10315, 34.78111, 0, 8, 'öååú_çéìåõ_1'), 
	('öååú_øôåàä_3', 4, 1625382908, 32.10315, 34.78111, 0, 8, 'öååú_çéìåõ_1'), 
	('öååú_øôåàä_4', 4, 1625382908, 32.10315, 34.78111, 0, 8, 'öååú_çéìåõ_1'), 
	('öååú_øôåàä_5', 4, 1625382908, 32.10315, 34.78111, 0, 8, 'öååú_çéìåõ_1'), 
	('öååú_øôåàä_6', 4, 1625382908, 32.10315, 34.78111, 0, 8, 'öååú_çéìåõ_1')
]
[
	("àéøåò îñ' 6", 2, 6, 5, 1, 1625382909, 1625382908, 32.08523, 34.78187), 
	("àéøåò îñ' 4", 2, 4, 4, 1, 1625382909, 1625382908, 32.09097, 34.78294), 
	("àéøåò îñ' 5", 2, 5, 5, 1, 1625382909, 1625382908, 32.08814, 34.7824)
]
[]
[
	(2, 1, 1, 2, [(4, 1, 1), (1, 1, 1)]), 
	(2, 2, 1, 2, [(4, 1, 1), (1, 1, 1)]), 
	(2, 3, 1, 3, [(4, 1, 1), (1, 2, 1)]), 
	(2, 4, 1, 14, [(4, 2, 2), (1, 4, 2), (8, 1, 2)]), 
	(2, 5, 1, 21, [(4, 2, 3), (1, 4, 3), (8, 1, 3)]), 
	(2, 6, 1, 30, [(4, 2, 6), (1, 3, 6)]), 
	(2, 1, 2, 12, [(4, 1, 3), (1, 2, 3), (8, 1, 3)]), 
	(2, 2, 2, 12, [(4, 1, 3), (1, 2, 3), (8, 1, 3)]), 
	(2, 3, 2, 12, [(4, 1, 3), (1, 2, 3), (8, 1, 3)]), 
	(2, 4, 2, 100, [(4, 3, 10), (1, 5, 10), (8, 2, 10)]), 
	(2, 5, 2, 234, [(4, 4, 18), (1, 6, 18), (8, 3, 18)]), 
	(2, 6, 2, 432, [(4, 6, 24), (1, 8, 24), (8, 4, 24)]), 
	(2, 1, 3, 6, [(4, 1, 2), (1, 2, 2)]), 
	(2, 2, 3, 6, [(4, 1, 2), (1, 2, 2)]), 
	(2, 3, 3, 6, [(4, 1, 2), (1, 2, 2)]), 
	(2, 4, 3, 24, [(4, 1, 6), (1, 3, 6)]), 
	(2, 5, 3, 80, [(4, 2, 10), (1, 5, 10), (8, 1, 10)]), 
	(2, 6, 3, 120, [(4, 3, 12), (1, 6, 12), (8, 1, 12)]), 
	(2, 1, 4, 2, [(4, 1, 1), (1, 1, 1)]), 
	(2, 2, 4, 2, [(4, 1, 1), (1, 1, 1)]), 
	(2, 3, 4, 3, [(4, 2, 1), (1, 1, 1)]), 
	(2, 4, 4, 4, [(4, 3, 1), (1, 1, 1)]), 
	(2, 5, 4, 14, [(4, 2, 2), (1, 4, 2), (8, 1, 2)]), 
	(2, 6, 4, 21, [(4, 2, 3), (1, 4, 3), (8, 1, 3)]), 
	(2, 1, 5, 2, [(4, 1, 1), (1, 1, 1)]), 
	(2, 2, 5, 2, [(4, 1, 1), (1, 1, 1)]), 
	(2, 3, 5, 3, [(4, 1, 1), (1, 2, 1)]), 
	(2, 4, 5, 4, [(4, 3, 1), (1, 1, 1)]), 
	(2, 5, 5, 8, [(4, 1, 2), (1, 3, 2)]), 
	(2, 6, 5, 12, [(4, 1, 3), (1, 3, 3)])
]
[
	(1, 960, 120, 360, 480), 
	(4, 960, 120, 360, 480), 
	(8, 480, 60, 420, 480)
]
10
